DeepLabV3+-ResNet50-BinaryCrossEntropy
Acc: 0.9917745302385829
IoU: 0.21268793327738383
Precision: 0.5913368027796708
Recall: 0.22364751552145687
F1: 0.32454859267417174