UNet-MobileNetV2-FL-NoAug
Acc: 0.9978619593418657
IoU: 0.6996141427328586
Precision: 0.9133448777093556
Recall: 0.7466533811747224
F1: 0.8216298269839645