UNet-MobileNetV2-FocalLoss
Acc: 0.9984818277622516
IoU: 0.7576465626923196
Precision: 0.9274735577947557
Recall: 0.8045390331224848
F1: 0.8616434815172984