DeepLabV3+-ResNet50-DiceLoss
Acc: 0.9940247224409837
IoU: 0.46968911251556605
Precision: 0.7419538801490628
Recall: 0.5633861413616982
F1: 0.6404561673083957