DeepLabV3+-ResNet50-DiceLoss
Acc: 0.9940246426723124
IoU: 0.4696804545069084
Precision: 0.741941204480835
Recall: 0.6507422618258623