DepLabV3+-ResNet50-BinaryCrossEntropy
Acc: 0.991774530238582
IoU: 0.2126879332773837
Precision: 0.5913368027796708
Recall: 0.25618294491257176