UNet-MobileNetV2
Acc: 0.9983103055354385
IoU: 0.7441284030532123
Precision: 0.9172614255443267
Recall: 0.7976668830598889
F1: 0.853294051528627