UNet-MobileNetV2-FocalLoss
Acc: 0.9984818277622517
IoU: 0.7576465626923198
Precision: 0.927473557794756
Recall: 0.9210056903382376