UNet-MobileNetV2-FL-FaceMask
Acc: 0.99534376043333
IoU: 0.5003419948044081
Precision: 0.8451572983581015
Recall: 0.5439302412259258
F1: 0.6618828548522385