UNet-MobileNetV2
Acc: 0.998310305535438
IoU: 0.7441284030532127
Precision: 0.917261425544327
Recall: 0.9127395707267751