UNet-EfficientNetB0-SparseCategoricalCE
Acc: 0.9989390859366493
IoU: 0.7932439791455869
Precision: 0.9627562890689607
Recall: 0.8173363329994142
F1: 0.884106461792327